100 100 -9
101 101 -9
104 104 -9
112 112 -9
113 113 -9
119 119 -9
1000 1000 -0.621511
1007 1007 -2.091356
1013 1013 1.874594
1023 1023 -0.423441
1028 1028 -1.319290
1031 1031 -9
1036 1036 -0.443340
1056 1056 -9
1057 1057 -9
1058 1058 -9
1060 1060 0.064568
1062 1062 -0.540924
1065 1065 -9
1066 1066 -9
1067 1067 -9
1069 1069 -9
1073 1073 0.383550
1074 1074 0.577148
1077 1077 -0.543408
1079 1079 0.044912
1080 1080 0.391164
1084 1084 -9
1085 1085 -1.474174
1092 1092 -0.171857
1093 1093 0.351343
1094 1094 -9
1103 1103 0.490690
1105 1105 1.298865
1106 1106 0.581846
1107 1107 -9
1108 1108 -0.353466
1110 1110 -0.386527
1111 1111 0.224670
1114 1114 -0.697398
1116 1116 -0.498667
1118 1118 -0.409038
1119 1119 -0.154597
1120 1120 -0.764434
1123 1123 -0.824937
1125 1125 1.583228
1126 1126 -9
1131 1131 0.717208
1132 1132 2.451179
1134 1134 -0.792827
1135 1135 0.435696
1137 1137 0.179953
1142 1142 -0.922635
1148 1148 1.094321
1149 1149 -0.260599
1152 1152 0.733236
1156 1156 -9
1157 1157 0.589178
1160 1160 3.095310
1173 1173 -0.373714
1175 1175 -9
1180 1180 -0.167059
1186 1186 1.274255
11002 11002 -9
11004 11004 -9
11007 11007 -9
11010 11010 -9
11014 11014 -9
11017 11017 -9
11020 11020 -9
11023 11023 -9
11024 11024 -9
11031 11031 -9
11040 11040 -9
11049 11049 -9
11051 11051 -9
11052 11052 -9
11057 11057 -9
11058 11058 -9
11062 11062 -9
11066 11066 -9
11077 11077 -9
11092 11092 -9
11093 11093 -9
11095 11095 -9
11111 11111 -9
11115 11115 -9
11117 11117 -9
11119 11119 -9
11122 11122 -9
11126 11126 -9
11131 11131 -9
11139 11139 -9
11143 11143 -9
11145 11145 -9
11148 11148 -9
11155 11155 -9
11171 11171 -9
11174 11174 -9
11198 11198 -9
11199 11199 -9
11206 11206 -9
11224 11224 -9
11234 11234 -9
11236 11236 -9
11248 11248 -9
11259 11259 -9
11260 11260 -9
11266 11266 -9
11271 11271 -9
11309 11309 -9
11310 11310 -9
11322 11322 -9
11327 11327 -9
11329 11329 -9
11332 11332 -9
11349 11349 -9
11351 11351 -9
11352 11352 -9
11353 11353 -9
11355 11355 -9
11362 11362 -9
11365 11365 -9
11366 11366 -9
11371 11371 -9
11372 11372 -9
11377 11377 -9
11383 11383 -9
11384 11384 -9
11386 11386 -9
11389 11389 -9
11390 11390 -9
11396 11396 -9
11397 11397 -9
11402 11402 -9
11404 11404 -9
11407 11407 -9
11416 11416 -9
11428 11428 -9
11429 11429 -9
11442 11442 -9
11462 11462 -9
11463 11463 -9
11465 11465 -9
11468 11468 -9
11473 11473 -9
11479 11479 -9
11488 11488 -9
11493 11493 -9
11497 11497 -9
11503 11503 -9
11510 11510 -9
11513 11513 -9
11515 11515 -9
11524 11524 -9
11525 11525 -9
11539 11539 -9
11541 11541 -9
11545 11545 -9
11553 11553 -9
11559 11559 -9
11561 11561 -9
11568 11568 -9
11571 11571 -9
11573 11573 -9
11575 11575 -9
11585 11585 -9
11596 11596 -9
11598 11598 -9
11599 11599 -9
11609 11609 -9
11612 11612 -9
11613 11613 -9
11616 11616 -9
11619 11619 -9
11622 11622 -9
11624 11624 -9
11630 11630 -9
11647 11647 -9
11648 11648 -9
11650 11650 -9
11651 11651 -9
11661 11661 -9
11664 11664 -9
11665 11665 -9
11671 11671 -9
11677 11677 -9
11681 11681 -9
11683 11683 -9
11690 11690 -9
11691 11691 -9
11696 11696 -9
11703 11703 -9
11716 11716 -9
11730 11730 -9
11745 11745 -9
11747 11747 -9
11748 11748 -9
11755 11755 -9
11758 11758 -9
11764 11764 -9
11771 11771 -9
11774 11774 -9
11779 11779 -9
11782 11782 -9
11836 11836 -9
11841 11841 -9
11871 11871 -9
11878 11878 -9
11885 11885 -9
11887 11887 -9
11903 11903 -9
11906 11906 -9
11912 11912 -9
11917 11917 -9
11919 11919 -9
11933 11933 -9
11934 11934 -9
11935 11935 -9
11937 11937 -9
11945 11945 -9
11948 11948 -9
11949 11949 -9
11954 11954 -9
11957 11957 -9
11974 11974 -9
